<?xml version="1.0"?>
<opencv_storage>
<detection type_id="opencv-nd-matrix">
  <sizes>
    1 1 100 7</sizes>
  <dt>f</dt>
  <data>
    0. 1. 4.32423130e-02 8.56144309e-01 -1.37318373e-02 9.96950984e-01
    6.67382956e-01 0. 1. 4.14198227e-02 7.19600856e-01 -2.13128924e-02
    9.91182506e-01 2.85261780e-01 0. 1. 3.90059352e-02 5.65975726e-01
    3.92114371e-03 1.00737917e+00 1.65149301e-01 0. 1. 3.20360102e-02
    6.65590823e-01 -5.90196997e-02 8.65560234e-01 2.86754608e-01 0. 1.
    3.11959572e-02 7.34044790e-01 5.02681732e-03 9.96204019e-01
    4.67060089e-01 0. 1. 3.06221526e-02 8.17739367e-01 -1.08162165e-02
    9.98404503e-01 3.99572045e-01 0. 1. 2.87474114e-02 7.78548658e-01
    3.68265063e-03 9.98846471e-01 1.60630405e-01 0. 1. 2.72057187e-02
    7.25686550e-03 4.42857981e-01 2.60764182e-01 1.00176907e+00 0. 1.
    2.71423478e-02 3.88039887e-01 1.49625167e-03 9.68387067e-01
    1.18892297e-01 0. 1. 2.57066302e-02 5.14048338e-01 -1.55873448e-02
    9.78747725e-01 2.55478263e-01 0. 1. 2.52118092e-02 6.60983324e-01
    1.81257725e-04 9.62064266e-01 1.33799374e-01 0. 1. 2.48279907e-02
    1.45338997e-02 4.53162313e-01 2.04283111e-02 6.16158962e-01 0. 1.
    2.45976243e-02 7.49281585e-01 2.19927728e-03 9.26083863e-01
    2.10397243e-01 0. 1. 2.40722522e-02 9.41792727e-01 7.00085312e-02
    9.97065187e-01 4.97390270e-01 0. 1. 2.34964862e-02 7.38370001e-01
    4.42845911e-01 9.90693629e-01 9.99935031e-01 0. 1. 2.33045109e-02
    5.01123011e-01 -3.36908400e-02 7.87582099e-01 2.64306039e-01 0. 1.
    2.16770340e-02 6.46452606e-03 2.86163688e-01 1.34466410e-01
    9.44120049e-01 0. 1. 2.13216022e-02 7.37103401e-03 4.83298182e-01
    1.83335412e-02 6.99153304e-01 0. 1. 2.07740013e-02 -2.72473693e-03
    -1.62982941e-03 2.84518510e-01 2.98467726e-01 0. 1. 2.06293687e-02
    7.04482138e-01 1.16154090e-01 9.98377502e-01 3.70269895e-01 0. 1.
    2.05734074e-02 2.45732069e-03 1.87136978e-01 2.87850887e-01
    1.02574503e+00 0. 1. 1.99169312e-02 9.46515620e-01 6.02033377e-01
    9.99477684e-01 9.88538384e-01 0. 1. 1.93514470e-02 5.07302403e-01
    2.70574152e-01 7.86156535e-01 8.22170556e-01 0. 3. 4.64060754e-02
    4.96416152e-01 5.20844519e-01 9.60851371e-01 7.81664073e-01 0. 3.
    3.21175940e-02 5.29200077e-01 3.73549193e-01 9.80811477e-01
    9.19318676e-01 0. 3. 2.79015508e-02 6.71453297e-01 5.38367271e-01
    9.78485048e-01 6.74814939e-01 0. 3. 2.68945415e-02 7.68842816e-01
    2.20935822e-01 9.94219780e-01 9.85189557e-01 0. 3. 2.66929194e-02
    6.63138390e-01 5.86671829e-01 9.71298695e-01 7.24769115e-01 0. 3.
    2.50353068e-02 6.67426705e-01 4.94965345e-01 9.98268008e-01
    9.44459081e-01 0. 3. 2.46227849e-02 7.58400261e-02 3.64805520e-01
    9.80178595e-01 9.97502983e-01 0. 3. 2.31129322e-02 6.59828722e-01
    6.40811980e-01 9.63110864e-01 7.77047575e-01 0. 3. 2.08954625e-02
    5.14785171e-01 5.98042607e-01 9.79937315e-01 8.87190580e-01 0. 3.
    2.08072774e-02 7.59459853e-01 4.99119043e-01 8.87860775e-01
    8.51325989e-01 0. 3. 1.91550907e-02 7.86770344e-01 5.53452134e-01
    1.00741458e+00 9.70531821e-01 0. 3. 1.90399606e-02 2.93897629e-01
    4.93125856e-01 9.52244043e-01 9.18061197e-01 0. 15. 2.21486855e-02
    7.50687718e-01 2.44996548e-01 9.87632394e-01 9.29258227e-01 0. 16.
    2.15377100e-02 2.25759819e-01 1.55320212e-01 2.50879735e-01
    1.68112352e-01 0. 35. 3.44096310e-02 1.31819099e-01 4.56833750e-01
    6.10023975e-01 5.41010559e-01 0. 35. 3.15975510e-02 1.68559268e-01
    4.98513430e-01 6.15952492e-01 5.99044979e-01 0. 35. 3.06167305e-02
    3.24542880e-01 5.01870275e-01 7.58509636e-01 5.91313481e-01 0. 35.
    2.55227759e-02 2.27653131e-01 4.73004937e-01 7.04537272e-01
    5.39872646e-01 0. 35. 2.24942956e-02 3.31227183e-01 4.80683595e-01
    7.89707899e-01 5.40802181e-01 0. 35. 1.96979400e-02 3.46122622e-01
    4.88670200e-01 4.50534284e-01 5.15878737e-01 0. 49. 3.53084356e-02
    8.65001440e-01 2.64970273e-01 9.95672107e-01 9.36676979e-01 0. 49.
    2.63687465e-02 8.61845076e-01 2.22509839e-02 9.91358697e-01
    1.20779693e-01 0. 49. 2.19602119e-02 7.91233063e-01 5.57623133e-02
    9.53226089e-01 1.13882668e-01 0. 50. 5.26206531e-02 8.54154646e-01
    1.34514108e-01 9.88820493e-01 2.00119480e-01 0. 50. 4.61680777e-02
    8.38824213e-01 9.74839702e-02 9.88874137e-01 1.86539531e-01 0. 50.
    4.32215147e-02 9.54942286e-01 6.48211986e-02 1.00106907e+00
    1.68526441e-01 0. 50. 3.16562727e-02 7.91233063e-01 5.57623133e-02
    9.53226089e-01 1.13882668e-01 0. 50. 2.88160890e-02 9.59439933e-01
    1.32930472e-01 9.96166766e-01 2.21958652e-01 0. 50. 2.76997983e-02
    8.02323222e-01 6.55003563e-02 9.99150872e-01 2.96226710e-01 0. 50.
    2.55528614e-02 8.61845076e-01 2.22509839e-02 9.91358697e-01
    1.20779693e-01 0. 50. 2.42169090e-02 7.92235136e-01 1.20550230e-01
    9.60009694e-01 1.99005440e-01 0. 50. 2.26997565e-02 7.72836030e-01
    1.06426954e-01 1.00325966e+00 2.20462084e-01 0. 50. 2.07937490e-02
    7.77760029e-01 2.00469717e-02 9.80626106e-01 2.12513775e-01 0. 59.
    1.95086244e-02 1.89029574e-01 5.82157612e-01 7.63630748e-01
    8.75450611e-01 0. 62. 2.86502708e-02 8.63630772e-01 2.69187748e-01
    9.96064782e-01 7.25175142e-01 0. 62. 2.27605347e-02 9.22691345e-01
    3.39882284e-01 9.96334195e-01 8.07350278e-01 0. 67. 5.35854809e-02
    4.77647483e-02 1.87461972e-02 9.93781328e-01 9.75674689e-01 0. 67.
    3.01242061e-02 3.32802504e-01 9.41998363e-02 9.87011909e-01
    8.92421126e-01 0. 67. 2.60737762e-02 6.53099954e-01 7.51310289e-02
    1.02061152e+00 9.77135777e-01 0. 67. 2.48136632e-02 2.82385260e-01
    3.12854171e-01 9.65722322e-01 7.10190654e-01 0. 67. 1.98076852e-02
    7.74471581e-01 1.27388716e-01 9.96317327e-01 9.85614777e-01 0. 74.
    1.76964700e-01 7.90714264e-01 9.92361903e-02 9.49460506e-01
    1.87465340e-01 0. 74. 6.14327043e-02 8.38824213e-01 9.74839702e-02
    9.88874137e-01 1.86539531e-01 0. 74. 6.13345839e-02 7.69816279e-01
    8.78354460e-02 9.92727876e-01 2.05277607e-01 0. 74. 5.75939268e-02
    8.54154646e-01 1.34514108e-01 9.88820493e-01 2.00119480e-01 0. 74.
    3.40484008e-02 7.78072536e-01 6.69103712e-02 9.79487479e-01
    2.64196515e-01 0. 75. 2.09590830e-02 4.90024984e-01 -3.65762413e-03
    9.52949941e-01 8.31010416e-02 0. 77. 7.24628270e-02 5.22373915e-01
    -3.60081717e-03 9.03200626e-01 8.66008848e-02 0. 82. 2.21767258e-02
    1.30876899e-02 2.11059749e-02 9.92489874e-01 9.80499268e-01 0. 84.
    1.91908404e-01 6.92601502e-02 4.29337919e-02 7.96819806e-01
    5.59726715e-01 0. 84. 1.44560352e-01 1.30876899e-02 2.11059749e-02
    9.92489874e-01 9.80499268e-01 0. 84. 8.02883208e-02 1.06374800e-01
    6.34795725e-02 4.21770036e-01 4.90771800e-01 0. 84. 6.27760962e-02
    5.94672263e-02 3.02348882e-02 9.48160887e-01 3.93656373e-01 0. 84.
    5.53300865e-02 4.89146113e-02 4.54353690e-02 2.78019339e-01
    4.91426587e-01 0. 84. 4.85165901e-02 6.29168510e-01 3.54588985e-01
    7.83566117e-01 5.76212823e-01 0. 84. 4.46681567e-02 5.65547049e-02
    2.91951120e-01 8.78516316e-01 7.05420017e-01 0. 84. 4.17044871e-02
    4.32043672e-01 1.09801456e-01 7.60855079e-01 5.33241510e-01 0. 84.
    4.03941497e-02 6.42102659e-02 8.60326439e-02 2.17515856e-01
    5.09681523e-01 0. 84. 4.00021933e-02 9.85424668e-02 4.02646363e-02
    5.56149900e-01 6.03469491e-01 0. 84. 3.97907160e-02 2.62866318e-02
    2.37616897e-02 6.02945685e-01 2.55381852e-01 0. 84. 3.91848534e-02
    2.77618200e-01 9.29644704e-03 6.81844115e-01 6.72356367e-01 0. 84.
    3.75500582e-02 6.31248891e-01 2.72428334e-01 7.82141745e-01
    5.21372080e-01 0. 84. 3.62248830e-02 -1.86181664e-02 -2.50617564e-02
    5.82644999e-01 8.66287708e-01 0. 84. 3.62205207e-02 1.95571795e-01
    2.01041520e-01 3.70854080e-01 4.72840488e-01 0. 84. 3.54449525e-02
    1.74086750e-01 1.22249156e-01 7.89616168e-01 8.09706926e-01 0. 84.
    3.45878266e-02 3.63136381e-02 1.87635913e-01 4.40821469e-01
    4.89989877e-01 0. 84. 3.41153666e-02 5.33816934e-01 2.43442029e-01
    7.67697811e-01 8.43225718e-01 0. 84. 3.40065658e-02 5.94365716e-01
